Confusion_matrix :
[[  41    0    0    0    0    1    0    0    0    4    0    0    0    0
     0    0]
 [   0 1248    7    0    0    7    0    0    0   25  132    5    0    1
     0    3]
 [   0    0  819    0    0    4    0    0    6    0    0    0    0    0
     1    0]
 [   0    0   21  210    0    0    0    0    0    0    0    6    0    0
     0    0]
 [   0    0   10    0  436    0    0    0    0    7    6    1    0   22
     1    0]
 [   0    0    0    0    0  726    0    0    0    0    2    0    0    0
     2    0]
 [   0    0    0    0    0    1   27    0    0    0    0    0    0    0
     0    0]
 [   1    0    0    0    0    0    0  477    0    0    0    0    0    0
     0    0]
 [   0    0    0    0    0    0    0    0   20    0    0    0    0    0
     0    0]
 [   0   41    1    0    0    0    0    0    0  880   41    6    0    3
     0    0]
 [   0    9    0    0    0    4    0    0    0    3 2424    0    0    1
    11    3]
 [   0    0   10    0    0    0    0    0    1    0    0  552    0    0
    13   17]
 [   0    0   14    0    3    0    0    0    3    0    0    0  185    0
     0    0]
 [   0    0    1    0    0    0    0    0    0    0    0    0    0 1246
    18    0]
 [   0    0    0    0    0    1    0    0    0    1    0    0    0    0
   384    0]
 [   0    0    0    0    0    0    0    0    0    0    0    0    0    0
     0   93]]
---
Accuracy : 95.307%
---
F1_scores :
	1: 0.932
	2: 0.916
	3: 0.956
	4: 0.940
	5: 0.946
	6: 0.985
	7: 0.982
	8: 0.999
	9: 0.800
	10: 0.930
	11: 0.958
	12: 0.949
	13: 0.949
	14: 0.982
	15: 0.941
	16: 0.890
---
Kappa: 0.946
